80 80
25 1280 1280
68 2
5 28
41 6
22 66
78 12
14 74
33 41
59 4
10 61
71 39
47 22
63 58
2 35
36 78
55 16
29 51
74 27
1 54
40 73
18 48
66 62
8 19
52 41
25 75
45 33
77 68
31 10
50 64
13 46
61 24
27 3
38 56
57 37
4 59
20 22
73 48
16 67
30 15
54 44
7 31
49 53
65 79
24 13
79 60
35 25
62 7
51 69
12 40
70 20
28 65
44 11
6 74
60 33
17 56
32 49
53 72
23 4
37 18
75 43
42 61
67 29
9 47
58 66
21 17
72 55
48 38
34 70
3 8
64 50
26 21
39 42
76 14
15 63
69 36
43 57
56 77
11 26
46 76
68 22
5 48
41 26
22 1
78 32
14 54
33 61
59 24
10 1
71 59
47 42
63 38
2 15
36 58
55 36
29 31
74 7
1 34
40 53
18 28
66 42
8 39
52 61
25 55
45 53
77 48
31 30
50 44
13 26
61 4
27 23
38 36
57 17
4 39
20 42
73 28
16 47
30 35
54 24
7 11
49 33
65 59
24 33
79 40
35 5
62 27
51 49
12 20
70 40
28 45
44 31
6 54
60 13
17 36
32 29
53 52
23 24
37 38
75 23
42 41
67 9
9 27
58 46
21 37
72 35
48 18
34 50
3 28
64 30
26 41
39 22
76 34
15 43
69 16
43 37
56 57
11 6
46 56
68 42
5 68
41 46
22 21
78 52
14 34
33 4
59 44
10 21
71 3
47 62
63 18
2 3
36 38
55 1
29 11
74 2
1 14
40 33
18 8
66 22
8 1
52 4
25 35
45 3
77 28
31 1
50 24
13 6
61 2
27 43
38 16
57 3
4 19
20 2
73 8
16 27
30 1
54 4
7 3
49 13
65 39
24 1
79 20
35 2
62 70
51 29
12 2
70 2
28 25
44 1
6 34
60 3
17 16
32 9
53 32
23 44
37 1
75 3
42 21
67 2
9 7
58 26
21 1
72 15
48 3
34 30
3 80
64 10
26 2
39 2
76 1
15 23
69 3
43 17
56 37
11 2
46 36
68 21
5 4
41 2
22 41
78 1
14 14
33 21
59 2
10 41
71 20
47 2
63 3
2 20
36 18
55 20
29 3
74 20
1 4
40 13
18 2
66 2
8 20
52 20
25 15
45 20
77 8
31 20
50 4
13 2
61 20
27 30
38 3
57 20
4 1
20 40
73 20
16 7
30 20
54 20
7 20
49 3
65 19
24 20
79 2
35 20
62 50
51 9
12 4
70 4
28 5
44 20
6 14
60 20
17 3
32 20
53 12
23 2
37 20
75 20
42 1
67 20
9 20
58 6
21 20
72 3
48 20
34 10
3 60
64 20
26 20
39 20
76 20
15 3
69 20
43 3
56 17
11 4
46 16
68 41
5 20
41 20
22 2
78 20
14 4
33 40
59 20
10 2
71 4
47 20
63 20
2 40
36 3
55 40
29 20
74 4
1 2
40 3
18 4
66 4
8 4
52 40
25 3
45 4
77 20
31 40
50 20
13 4
61 40
27 10
38 20
57 4
4 20
20 20
73 4
16 20
30 40
54 40
7 4
49 20
65 1
24 40
79 4
35 4
62 30
51 20
12 20
70 20
28 2
44 4
6 4
60 40
17 20
32 4
53 2
23 40
37 4
75 4
42 20
67 4
9 4
58 20
21 4
72 20
48 4
34 20
3 40
64 40
26 4
39 4
76 4
15 20
69 4
43 20
56 3
11 20
46 1
68 1
5 40
41 4
22 40
78 4
14 20
33 2
59 4
10 4
71 2
47 4
63 4
2 2
36 20
55 2
29 4
74 2
1 40
40 20
18 20
66 20
8 2
52 2
25 20
45 2
77 4
31 2
50 40
13 20
61 2
27 20
38 40
57 2
4 2
20 4
73 2
16 4
30 2
54 2
7 2
49 4
65 20
24 2
79 20
35 22
62 10
51 4
12 40
70 22
28 40
44 2
6 2
60 2
17 4
32 2
53 40
23 20
37 2
75 2
42 2
67 22
9 2
58 4
21 2
72 4
48 2
34 4
3 2
64 2
26 40
39 2
76 2
15 4
69 2
43 4
56 20
11 40
46 20
68 20
5 2
41 22
22 20
78 2
14 2
33 42
59 40
10 20
71 40
47 22
63 2
2 4
36 40
55 4
29 2
74 40
1 22
40 4
18 40
66 40
8 40
52 4
25 4
45 40
77 2
31 4
50 2
13 40
61 4
27 4
38 2
57 40
4 4
20 60
73 40
16 2
30 4
54 4
7 40
49 2
65 4
24 4
79 42
35 40
62 2
51 2
12 22
70 42
28 20
44 40
6 40
60 4
17 2
32 40
53 20
23 4
37 40
75 40
42 4
67 42
9 40
58 2
21 40
72 2
48 40
34 2
3 4
64 4
26 22
39 40
76 40
15 2
69 40
43 2
56 4
11 2
46 4
68 62
5 4
41 42
22 4
78 40
14 40
33 20
59 22
10 40
71 22
47 40
63 40
2 60
36 2
55 60
29 40
74 22
1 42
40 40
18 2
66 2
8 22
52 60
25 2
45 22
77 40
31 22
50 60
13 22
61 60
27 60
38 4
57 22
4 60
20 1
73 22
16 40
30 60
54 60
7 22
49 40
65 60
24 60
79 22
35 2
62 40
51 40
12 42
70 60
28 4
44 22
6 22
60 60
17 40
32 22
53 4
23 60
37 22
75 22
42 60
67 60
9 22
58 40
21 22
72 40
48 22
34 40
3 60
64 60
26 42
39 22
76 22
15 40
69 22
43 40
56 60
11 42
46 60
68 40
5 60
41 60
22 60
78 22
14 22
33 60
59 60
10 22
71 42
47 20
63 22
2 42
36 60
55 1
29 22
74 60
1 60
40 22
18 60
66 60
8 42
52 1
25 60
45 42
77 22
31 60
50 1
13 60
61 1
27 1
38 60
57 60
4 42
20 21
73 60
16 22
30 1
54 1
7 60
49 60
65 1
24 1
79 60
35 60
62 60
51 60
12 60
70 1
28 60
44 60
6 60
60 1
17 60
32 60
53 60
23 1
37 60
75 60
42 1
67 1
9 60
58 60
21 60
72 60
48 60
34 60
3 1
64 1
26 60
39 60
76 60
15 60
69 60
43 60
56 1
11 60
46 1
68 24
5 1
41 1
22 1
78 60
14 60
33 1
59 1
10 60
71 60
47 1
63 60
2 1
36 1
55 21
29 60
74 1
1 1
40 60
18 1
66 1
8 60
52 21
25 1
45 1
77 60
31 1
50 21
13 1
61 21
27 21
38 1
57 1
4 60
20 41
73 1
16 60
30 21
54 21
7 1
49 1
65 21
24 21
79 1
35 1
62 1
51 1
12 1
70 21
28 1
44 1
6 1
60 21
17 1
32 1
53 1
23 21
37 1
75 1
42 21
67 21
9 1
58 1
21 1
72 1
48 1
34 1
3 21
64 21
26 1
39 1
76 1
15 1
69 1
43 1
56 21
11 1
46 21
68 44
5 21
41 21
22 21
78 1
14 1
33 2
59 21
10 1
71 1
47 21
63 1
2 21
36 21
55 41
29 1
74 21
1 21
40 1
18 21
66 21
8 1
52 41
25 21
45 21
77 1
31 21
50 41
13 21
61 41
27 41
38 21
57 21
4 1
20 61
73 21
16 1
30 41
54 41
7 21
49 21
65 41
24 41
79 21
35 21
62 21
51 21
12 21
70 41
28 21
44 21
6 21
60 41
17 21
32 21
53 21
23 41
37 21
75 21
42 41
67 41
9 21
58 21
21 21
72 21
48 21
34 21
3 41
64 41
26 21
39 21
76 21
15 21
69 21
43 21
56 41
11 21
46 41
68 64
5 41
41 41
22 41
78 21
14 21
33 41
59 41
10 21
71 21
47 41
63 21
2 41
36 41
55 61
29 21
74 41
1 41
40 21
18 41
66 41
8 41
52 61
25 41
45 41
77 21
31 41
50 61
13 41
61 61
27 61
38 41
57 41
4 21
20 16
73 41
16 21
30 61
54 61
7 41
49 41
65 61
24 61
79 41
35 41
62 41
51 41
12 41
70 61
28 41
44 41
6 41
60 61
17 41
32 41
53 41
23 61
37 41
75 41
42 61
67 61
9 41
58 41
21 41
72 41
48 41
34 41
3 61
64 61
26 41
39 41
76 41
15 41
69 41
43 41
56 61
11 41
46 61
68 12
5 61
41 61
22 61
78 41
14 41
33 61
59 61
10 41
71 61
47 61
63 41
2 61
36 61
55 3
29 41
74 61
1 61
40 41
18 61
66 61
8 61
52 3
25 61
45 61
77 41
31 61
50 3
13 61
61 3
27 3
38 61
57 61
4 41
20 36
73 61
16 41
30 3
54 3
7 61
49 61
65 3
24 3
79 61
35 61
62 61
51 61
12 61
70 3
28 61
44 61
6 61
60 3
17 61
32 61
53 61
23 3
37 61
75 61
42 3
67 3
9 61
58 61
21 61
72 61
48 61
34 61
3 3
64 3
26 61
39 61
76 61
15 61
69 61
43 61
56 3
11 61
46 3
68 32
5 3
41 3
22 3
78 61
14 61
33 3
59 3
10 61
71 3
47 3
63 61
2 3
36 3
55 23
29 61
74 3
1 3
40 61
18 3
66 3
8 3
52 23
25 3
45 3
77 61
31 3
50 23
13 3
61 23
27 23
38 3
57 3
4 61
20 56
73 3
16 61
30 23
54 23
7 3
49 3
65 23
24 23
79 3
35 3
62 3
51 3
12 3
70 23
28 3
44 3
6 3
60 23
17 3
32 3
53 3
23 23
37 3
75 3
42 23
67 23
9 3
58 3
21 3
72 3
48 3
34 3
3 23
64 23
26 3
39 3
76 3
15 3
69 3
43 3
56 23
11 3
46 23
68 52
5 23
41 23
22 23
78 3
14 3
33 23
59 23
10 3
71 23
47 23
63 3
2 23
36 23
55 43
29 3
74 23
1 23
40 3
18 23
66 23
8 23
52 43
25 23
45 23
77 3
31 23
50 43
13 23
61 43
27 43
38 23
57 23
4 3
20 76
73 23
16 3
30 43
54 43
7 23
49 23
65 43
24 43
79 23
35 23
62 23
51 23
12 23
70 43
28 23
44 23
6 23
60 43
17 23
32 23
53 23
23 43
37 23
75 23
42 43
67 43
9 23
58 23
21 23
72 23
48 23
34 23
3 43
64 43
26 23
39 23
76 23
15 23
69 23
43 23
56 43
11 23
46 43
68 72
5 43
41 43
22 43
78 23
14 23
33 43
59 43
10 23
71 43
47 43
63 23
2 43
36 43
55 63
29 23
74 43
1 43
40 23
18 43
66 43
8 43
52 63
25 43
45 43
77 23
31 43
50 63
13 43
61 63
27 63
38 43
57 43
4 23
20 51
73 43
16 23
30 63
54 63
7 43
49 43
65 63
24 63
79 43
35 43
62 43
51 43
12 43
70 63
28 43
44 43
6 43
60 63
17 43
32 43
53 43
23 63
37 43
75 43
42 63
67 63
9 43
58 43
21 43
72 43
48 43
34 43
3 63
64 63
26 43
39 43
76 43
15 43
69 43
43 43
56 63
11 43
46 63
68 20
5 63
41 63
22 63
78 43
14 43
33 63
59 63
10 43
71 63
47 63
63 43
2 63
36 63
55 5
29 43
74 63
1 63
40 43
18 63
66 63
8 63
52 5
25 63
45 63
77 43
31 63
50 5
13 63
61 5
27 5
38 63
57 63
4 43
20 31
73 63
16 43
30 5
54 5
7 63
49 63
65 5
24 5
79 63
35 63
62 63
51 63
12 63
70 5
28 63
44 63
6 63
60 5
17 63
32 63
53 63
23 5
37 63
75 63
42 5
67 5
9 63
58 63
21 63
72 63
48 63
34 63
3 5
64 5
26 63
39 63
76 63
15 63
69 63
43 63
56 5
11 63
46 5
68 40
5 5
41 5
22 5
78 63
14 63
33 5
59 5
10 63
71 5
47 5
63 63
2 5
36 5
55 25
29 63
74 5
1 5
40 63
18 5
66 5
8 5
52 25
25 5
45 5
77 63
31 5
50 25
13 5
61 25
27 25
38 5
57 5
4 63
20 45
73 5
16 63
30 25
54 25
7 5
49 5
65 25
24 25
79 5
35 5
62 5
51 5
12 5
70 25
28 5
44 5
6 5
60 25
17 5
32 5
53 5
23 25
37 5
75 5
42 25
67 25
9 5
58 5
21 5
72 5
48 5
34 5
3 25
64 25
26 5
39 5
76 5
15 5
69 5
43 5
56 25
11 5
46 25
68 60
5 25
41 25
22 25
78 5
14 5
33 25
59 25
10 5
71 25
47 25
63 5
2 25
36 25
55 45
29 5
74 25
1 25
40 5
18 25
66 25
8 25
52 45
25 25
45 25
77 5
31 25
50 45
13 25
61 45
27 45
38 25
57 25
4 5
20 65
73 25
16 5
30 45
54 45
7 25
49 25
65 45
24 45
79 25
35 25
62 25
51 25
12 25
70 45
28 25
44 25
6 25
60 45
17 25
32 25
53 25
23 45
37 25
75 25
42 45
67 45
9 25
58 25
21 25
72 25
48 25
34 25
3 45
64 45
26 25
39 25
76 25
15 25
69 25
43 25
56 45
11 25
46 45
68 13
5 45
41 45
22 45
78 25
14 25
33 45
59 45
10 25
71 45
47 45
63 25
2 45
36 45
55 65
29 25
74 45
1 45
40 25
18 45
66 45
8 45
52 65
25 45
45 45
77 25
31 45
50 65
13 45
61 65
27 65
38 45
57 45
4 25
20 33
73 45
16 25
30 65
54 65
7 45
49 45
65 65
24 65
79 45
35 45
62 45
51 45
12 45
70 65
28 45
44 45
6 45
60 65
17 45
32 45
53 45
23 65
37 45
75 45
42 65
67 65
9 45
58 45
21 45
72 45
48 45
34 45
3 65
64 65
26 45
39 45
76 45
15 45
69 45
43 45
56 65
11 45
46 65
68 33
5 65
41 65
22 65
78 45
14 45
33 65
59 65
10 45
71 65
47 65
63 45
2 65
36 65
55 7
29 45
74 65
1 65
40 45
18 65
66 65
8 65
52 7
25 65
45 65
77 45
31 65
50 7
13 65
61 7
27 7
38 65
57 65
4 45
20 53
73 65
16 45
30 7
54 7
7 65
49 65
65 7
24 7
79 65
35 65
62 65
51 65
12 65
70 7
28 65
44 65
6 65
60 7
17 65
32 65
53 65
23 7
37 65
75 65
42 7
67 7
9 65
58 65
21 65
72 65
48 65
34 65
3 7
64 7
26 65
39 65
76 65
15 65
69 65
43 65
56 7
11 65
46 7
68 53
5 7
41 7
22 7
78 65
14 65
33 7
59 7
10 65
71 7
47 7
63 65
2 7
36 7
55 27
29 65
74 7
1 7
40 65
18 7
66 7
8 7
52 27
25 7
45 7
77 65
31 7
50 27
13 7
61 27
27 27
38 7
57 7
4 65
20 47
73 7
16 65
30 27
54 27
7 7
49 7
65 27
24 27
79 7
35 7
62 7
51 7
12 7
70 27
28 7
44 7
6 7
60 27
17 7
32 7
53 7
23 27
37 7
75 7
42 27
67 27
9 7
58 7
21 7
72 7
48 7
34 7
3 27
64 27
26 7
39 7
76 7
15 7
69 7
43 7
56 27
11 7
46 27
68 73
5 27
41 27
22 27
78 7
14 7
33 27
59 27
10 7
71 27
47 27
63 7
2 27
36 27
55 47
29 7
74 27
1 27
40 7
18 27
66 27
8 27
52 47
25 27
45 27
77 7
31 27
50 47
13 27
61 47
27 47
38 27
57 27
4 7
20 67
73 27
16 7
30 47
54 47
7 27
49 27
65 47
24 47
79 27
35 27
62 27
51 27
12 27
70 47
28 27
44 27
6 27
60 47
17 27
32 27
53 27
23 47
37 27
75 27
42 47
67 47
9 27
58 27
21 27
72 27
48 27
34 27
3 47
64 47
26 27
39 27
76 27
15 27
69 27
43 27
56 47
11 27
46 47
68 15
5 47
41 47
22 47
78 27
14 27
33 47
59 47
10 27
71 47
47 47
63 27
2 47
36 47
55 67
29 27
74 47
1 47
40 27
18 47
66 47
8 47
52 67
25 47
45 47
77 27
31 47
50 67
13 47
61 67
27 67
38 47
57 47
4 27
20 37
73 47
16 27
30 67
54 67
7 47
49 47
65 67
24 67
79 47
35 47
62 47
51 47
12 47
70 67
28 47
44 47
6 47
60 67
17 47
32 47
53 47
23 67
37 47
75 47
42 67
67 67
9 47
58 47
21 47
72 47
48 47
34 47
3 67
64 67
26 47
39 47
76 47
15 47
69 47
43 47
56 67
11 47
46 67
68 35
5 67
41 67
22 67
78 47
14 47
33 67
59 67
10 47
71 67
47 67
63 47
2 67
36 67
55 9
29 47
74 67
1 67
40 47
18 67
66 67
8 67
52 9
25 67
45 67
77 47
31 67
50 9
13 67
61 9
27 9
38 67
57 67
4 47
20 57
73 67
16 47
30 9
54 9
7 67
49 67
65 9
24 9
79 67
35 67
62 67
51 67
12 67
70 9
28 67
44 67
6 67
60 9
17 67
32 67
53 67
23 9
37 67
75 67
42 9
67 9
9 67
58 67
21 67
72 67
48 67
34 67
3 9
64 9
26 67
39 67
76 67
15 67
69 67
43 67
56 9
11 67
46 9
68 55
5 9
41 9
22 9
78 67
14 67
33 9
59 9
10 67
71 9
47 9
63 67
2 9
36 9
55 29
29 67
74 9
1 9
40 67
18 9
66 9
8 9
52 29
25 9
45 9
77 67
31 9
50 29
13 9
61 29
27 29
38 9
57 9
4 67
20 49
73 9
16 67
30 29
54 29
7 9
49 9
65 29
24 29
79 9
35 9
62 9
51 9
12 9
70 29
28 9
44 9
6 9
60 29
17 9
32 9
53 9
23 29
37 9
75 9
42 29
67 29
9 9
58 9
21 9
72 9
48 9
34 9
3 29
64 29
26 9
39 9
76 9
15 9
69 9
43 9
56 29
11 9
46 29
68 75
5 29
41 29
22 29
78 9
14 9
33 29
59 29
10 9
71 29
47 29
63 9
2 29
36 29
55 49
29 9
74 29
1 29
40 9
18 29
66 29
8 29
52 49
25 29
45 29
77 9
31 29
50 49
13 29
61 49
27 49
38 29
57 29
4 9
20 69
73 29
16 9
30 49
54 49
7 29
49 29
65 49
24 49
79 29
35 29
62 29
51 29
12 29
70 49
28 29
44 29
6 29
60 49
17 29
32 29
53 29
23 49
37 29
75 29
42 49
67 49
9 29
58 29
21 29
72 29
48 29
34 29
3 49
64 49
26 29
39 29
76 29
15 29
69 29
43 29
56 49
11 29
46 49
68 17
5 49
41 49
22 49
78 29
14 29
33 49
59 49
10 29
71 49
47 49
63 29
2 49
36 49
55 69
29 29
74 49
1 49
40 29
18 49
66 49
8 49
52 69
25 49
45 49
77 29
31 49
50 69
13 49
61 69
27 69
38 49
57 49
4 29
20 39
73 49
16 29
30 69
54 69
7 49
49 49
65 69
24 69
79 49
35 49
62 49
51 49
12 49
70 69
28 49
44 49
6 49
60 69
17 49
32 49
53 49
23 69
37 49
75 49
42 69
67 69
9 49
58 49
21 49
72 49
48 49
34 49
3 69
64 69
26 49
39 49
76 49
15 49
69 49
43 49
56 69
11 49
46 69
68 37
5 69
41 69
22 69
78 49
14 49
33 69
59 69
10 49
71 69
47 69
63 49
2 69
36 69
55 11
29 49
74 69
1 69
40 49
18 69
66 69
8 69
52 11
25 69
45 69
77 49
31 69
50 11
13 69
61 11
27 11
38 69
57 69
4 49
20 59
73 69
16 49
30 11
54 11
7 69
49 69
65 11
24 11
79 69
35 69
62 69
51 69
12 69
70 11
28 69
44 69
6 69
60 11
17 69
32 69
53 69
23 11
37 69
75 69
42 11
67 11
9 69
58 69
21 69
72 69
48 69
34 69
3 11
64 11
26 69
39 69
76 69
15 69
69 69
43 69
56 11
11 69
46 11
68 57
5 11
41 11
22 11
78 69
14 69
33 11
59 11
10 69
71 11
47 11
63 69
2 11
36 11
55 31
29 69
74 11
1 11
40 69
18 11
66 11
8 11
52 31
25 11
45 11
77 69
31 11
50 31
13 11
61 31
27 31
38 11
57 11
4 69
20 52
73 11
16 69
30 31
54 31
7 11
49 11
65 31
24 31
79 11
35 11
62 11
51 11
12 11
70 31
28 11
44 11
6 11
60 31
17 11
32 11
53 11
23 31
37 11
75 11
42 31
67 31
9 11
58 11
21 11
72 11
48 11
34 11
3 31
64 31
26 11
39 11
76 11
15 11
69 11
43 11
56 31
11 11
46 31
68 77
5 31
41 31
22 31
78 11
14 11
33 31
59 31
10 11
71 31
47 31
63 11
2 31
36 31
55 51
29 11
74 31
1 31
40 11
18 31
66 31
8 31
52 51
25 31
45 31
77 11
31 31
50 51
13 31
61 51
27 51
38 31
57 31
4 11
20 71
73 31
16 11
30 51
54 51
7 31
49 31
65 51
24 51
79 31
35 31
62 31
51 31
12 31
70 51
28 31
44 31
6 31
60 51
17 31
32 31
53 31
23 51
37 31
75 31
42 51
67 51
9 31
58 31
21 31
72 31
48 31
34 31
3 51
64 51
26 31
39 31
76 31
15 31
69 31
43 31
56 51
11 31
46 51
68 19
5 51
41 51
22 51
78 31
14 31
33 51
59 51
10 31
71 51
47 51
63 31
2 51
36 51
55 71
29 31
74 51
1 51
40 31
18 51
66 51
8 51
52 71
25 51
45 51
77 31
31 51
50 71
13 51
61 71
27 71
38 51
57 51
4 31
20 44
73 51
16 31
30 71
54 71
7 51
49 51
65 71
24 71
79 51
35 51
62 51
51 51
12 51
70 71
28 51
44 51
6 51
60 71
17 51
32 51
53 51
23 71
37 51
75 51
42 71
67 71
9 51
58 51
21 51
72 51
48 51
34 51
3 71
64 71
26 51
39 51
76 51
15 51
69 51
43 51
56 71
11 51
46 71
68 39
5 71
41 71
22 71
78 51
14 51
33 71
59 71
10 51
71 71
47 71
63 51
2 71
36 71
55 13
29 51
74 71
1 71
40 51
18 71
66 71
8 71
52 13
25 71
45 71
77 51
31 71
50 13
13 71
61 13
27 13
38 71
57 71
4 51
20 63
73 71
16 51
30 13
54 13
7 71
49 71
65 13
24 13
79 71
35 71
62 71
51 71
12 71
70 13
28 71
44 71
6 71
60 13
17 71
32 71
53 71
23 13
37 71
75 71
42 13
67 13
9 71
58 71
21 71
72 71
48 71
34 71
3 13
64 13
26 71
39 71
76 71
15 71
69 71
43 71
56 13
11 71
46 13
68 59
5 13
41 13
22 13
78 71
14 71
33 13
59 13
10 71
71 13
47 13
63 71
2 13
36 13
55 33
29 71
74 13
1 13
40 71
18 13
66 13
8 13
52 33
25 13
45 13
77 71
31 13
50 33
13 13
61 33
27 33
38 13
57 13
4 71
20 54
73 13
16 71
30 33
54 33
7 13
49 13
65 33
24 33
79 13
35 13
62 13
51 13
12 13
70 33
28 13
44 13
6 13
60 33
17 13
32 13
53 13
23 33
37 13
75 13
42 33
67 33
9 13
58 13
21 13
72 13
48 13
34 13
3 33
64 33
26 13
39 13
76 13
15 13
69 13
43 13
56 33
11 13
46 33
68 79
5 33
41 33
22 33
78 13
14 13
33 33
59 33
10 13
71 33
47 33
63 13
2 33
36 33
55 53
29 13
74 33
1 33
40 13
18 33
66 33
8 33
52 53
25 33
45 33
77 13
31 33
50 53
13 33
61 53
27 53
38 33
57 33
4 13
20 73
73 33
16 13
30 53
54 53
7 33
49 33
65 53
24 53
79 33
35 33
62 33
51 33
12 33
70 53
28 33
44 33
6 33
60 53
17 33
32 33
53 33
23 53
37 33
75 33
42 53
67 53
9 33
58 33
21 33
72 33
48 33
34 33
3 53
64 53
26 33
39 33
76 33
15 33
69 33
43 33
56 53
11 33
46 53
68 21
5 53
41 53
22 53
78 33
14 33
33 53
59 53
10 33
71 53
47 53
63 33
2 53
36 53
55 73
29 33
74 53
1 53
40 33
18 53
66 53
8 53
52 73
25 53
45 53
77 33
31 53
50 73
13 53
61 73
27 73
38 53
57 53
4 33
20 46
73 53
16 33
30 73
54 73
7 53
49 53
65 73
24 73
79 53
35 53
62 53
51 53
12 53
70 73
28 53
44 53
6 53
60 73
17 53
32 53
53 53
23 73
37 53
75 53
42 73
67 73
9 53
58 53
21 53
72 53
48 53
34 53
3 73
64 73
26 53
39 53
76 53
15 53
69 53
43 53
56 73
11 53
46 73
68 41
5 73
41 73
22 73
78 53
14 53
33 73
59 73
10 53
71 73
47 73
63 53
2 73
36 73
55 15
29 53
74 73
1 73
40 53
18 73
66 73
8 73
52 15
25 73
45 73
77 53
31 73
50 15
13 73
61 15
27 15
38 73
57 73
4 53
20 66
73 73
16 53
30 15
54 15
7 73
49 73
65 15
24 15
79 73
35 73
62 73
51 73
12 73
70 15
28 73
44 73
6 73
60 15
17 73
32 73
53 73
23 15
37 73
75 73
42 15
67 15
9 73
58 73
21 73
72 73
48 73
34 73
3 15
64 15
26 73
39 73
76 73
15 73
69 73
43 73
56 15
11 73
46 15
68 61
5 15
41 15
22 15
78 73
14 73
33 15
59 15
10 73
71 15
47 15
63 73
2 15
36 15
55 35
29 73
74 15
1 15
40 73
18 15
66 15
8 15
52 35
25 15
45 15
77 73
31 15
50 35
13 15
61 35
27 35
38 15
57 15
4 73
20 58
73 15
16 73
30 35
54 35
7 15
49 15
65 35
24 35
79 15
35 15
62 15
51 15
12 15
70 35
28 15
44 15
6 15
60 35
17 15
32 15
53 15
23 35
37 15
75 15
42 35
67 35
9 15
58 15
21 15
72 15
48 15
34 15
3 35
64 35
26 15
39 15
76 15
15 15
69 15
43 15
56 35
11 15
46 35
68 1
5 35
41 35
22 35
78 15
14 15
33 35
59 35
10 15
71 35
47 35
63 15
2 35
36 35
55 55
29 15
74 35
1 35
40 15
18 35
66 35
8 35
52 55
25 35
45 35
77 15
31 35
50 55
13 35
61 55
27 55
38 35
57 35
4 15
20 75
73 35
16 15
30 55
54 55
7 35
49 35
65 55
24 55
79 35
35 35
62 35
51 35
12 35
70 55
28 35
44 35
6 35
60 55
17 35
32 35
53 35
23 55
37 35
75 35
42 55
67 55
9 35
58 35
21 35
72 35
48 35
34 35
3 55
64 55
26 35
39 35
76 35
15 35
69 35
43 35
56 55
11 35
46 55
68 23
5 55
41 55
22 55
78 35
14 35
33 55
59 55
10 35
71 55
47 55
63 35
2 55
36 55
55 75
29 35
74 55
1 55
40 35
18 55
66 55
8 55
52 75
25 55
45 55
77 35
31 55
50 75
13 55
61 75
27 75
38 55
57 55
4 35
20 48
73 55
16 35
30 75
54 75
7 55
49 55
65 75
24 75
79 55
35 55
62 55
51 55
12 55
70 75
28 55
44 55
6 55
60 75
17 55
32 55
53 55
23 75
37 55
75 55
42 75
67 75
9 55
58 55
21 55
72 55
48 55
34 55
3 75
64 75
26 55
39 55
76 55
15 55
69 55
43 55
56 75
11 55
46 75
68 43
5 75
41 75
22 75
78 55
14 55
33 75
59 75
10 55
71 75
47 75
63 55
2 75
36 75
55 17
29 55
74 75
1 75
40 55
18 75
66 75
8 75
52 17
25 75
45 75
77 55
31 75
50 17
13 75
61 17
27 17
38 75
57 75
4 55
20 68
73 75
16 55
30 17
54 17
7 75
49 75
65 17
24 17
79 75
35 75
62 75
51 75
12 75
70 17
28 75
44 75
6 75
60 17
17 75
32 75
53 75
23 17
37 75
75 75
42 17
67 17
9 75
58 75
21 75
72 75
48 75
34 75
3 17
64 17
26 75
39 75
76 75
15 75
69 75
43 75
56 17
11 75
46 17
68 63
5 17
41 17
22 17
78 75
14 75
33 17
59 17
10 75
71 17
47 17
63 75
2 17
36 17
55 37
29 75
74 17
1 17
40 75
18 17
66 17
8 17
52 37
25 17
45 17
77 75
31 17
50 37
13 17
61 37
27 37
38 17
57 17
4 75
20 60
73 17
16 75
30 37
54 37
7 17
49 17
65 37
24 37
79 17
35 17
62 17
51 17
12 17
70 37
28 17
44 17
6 17
60 37
17 17
32 17
53 17
23 37
37 17
75 17
42 37
67 37
9 17
58 17
21 17
72 17
48 17
34 17
3 37
64 37
26 17
39 17
76 17
15 17
69 17
43 17
56 37
11 17
46 37
68 3
5 37
41 37
22 37
78 17
14 17
33 37
59 37
10 17
71 37
47 37
63 17
2 37
36 37
55 57
29 17
74 37
1 37
40 17
18 37
66 37
8 37
52 57
25 37
45 37
77 17
31 37
50 57
13 37
61 57
27 57
38 37
57 37
4 17
20 77
73 37
16 17
30 57
54 57
7 37
49 37
65 57
24 57
79 37
35 37
62 37
51 37
12 37
70 57
28 37
44 37
6 37
60 57
17 37
32 37
53 37
23 57
37 37
75 37
42 57
67 57
9 37
58 37
21 37
72 37
48 37
34 37
3 57
64 57
26 37
39 37
76 37
15 37
69 37
43 37
56 57
11 37
46 57
68 25
5 57
41 57
22 57
78 37
14 37
33 57
59 57
10 37
71 57
47 57
63 37
2 57
36 57
55 77
29 37
74 57
1 57
40 37
18 57
66 57
8 57
52 77
25 57
45 57
77 37
31 57
50 77
13 57
61 77
27 77
38 57
57 57
4 37
20 50
73 57
16 37
30 77
54 77
7 57
49 57
65 77
24 77
79 57
35 57
62 57
51 57
12 57
70 77
28 57
44 57
6 57
60 77
17 57
32 57
53 57
23 77
37 57
75 57
42 77
67 77
9 57
58 57
21 57
72 57
48 57
34 57
3 77
64 77
26 57
39 57
76 57
15 57
69 57
43 57
56 77
11 57
46 77
68 45
5 77
41 77
22 77
78 57
14 57
33 77
59 77
10 57
71 77
47 77
63 57
2 77
36 77
55 19
29 57
74 77
1 77
40 57
18 77
66 77
8 77
52 19
25 77
45 77
77 57
31 77
50 19
13 77
61 19
27 19
38 77
57 77
4 57
20 70
73 77
16 57
30 19
54 19
7 77
49 77
65 19
24 19
79 77
35 77
62 77
51 77
12 77
70 19
28 77
44 77
6 77
60 19
17 77
32 77
53 77
23 19
37 77
75 77
42 19
67 19
9 77
58 77
21 77
72 77
48 77
34 77
3 19
64 19
26 77
39 77
76 77
15 77
69 77
43 77
56 19
11 77
46 19
68 65
5 19
41 19
22 19
78 77
14 77
33 19
59 19
10 77
71 19
47 19
63 77
2 19
36 19
55 39
29 77
74 19
1 19
40 77
18 19
66 19
8 19
52 39
25 19
45 19
77 77
31 19
50 39
13 19
61 39
27 39
38 19
57 19
4 77
20 62
73 19
16 77
30 39
54 39
7 19
49 19
65 39
24 39
79 19
35 19
62 19
51 19
12 19
70 39
28 19
44 19
6 19
60 39
17 19
32 19
53 19
23 39
37 19
75 19
42 39
67 39
9 19
58 19
21 19
72 19
48 19
34 19
3 39
64 39
26 19
39 19
76 19
15 19
69 19
43 19
56 39
11 19
46 39
68 11
5 39
41 39
22 39
78 19
14 19
33 39
59 39
10 19
71 39
47 39
63 19
2 39
36 39
55 59
29 19
74 39
1 39
40 19
18 39
66 39
8 39
52 59
25 39
45 39
77 19
31 39
50 59
13 39
61 59
27 59
38 39
57 39
4 19
20 79
73 39
16 19
30 59
54 59
7 39
49 39
65 59
24 59
79 39
35 39
62 39
51 39
12 39
70 59
28 39
44 39
6 39
60 59
17 39
32 39
53 39
23 59
37 39
75 39
42 59
67 59
9 39
58 39
21 39
72 39
48 39
34 39
3 59
64 59
26 39
39 39
76 39
15 39
69 39
43 39
56 59
11 39
46 59
68 31
5 59
41 59
22 59
78 39
14 39
33 59
59 59
10 39
71 59
47 59
63 39
2 59
36 59
55 79
29 39
74 59
1 59
40 39
18 59
66 59
8 59
52 79
25 59
45 59
77 39
31 59
50 79
13 59
61 79
27 79
38 59
57 59
4 39
20 64
73 59
16 39
30 79
54 79
7 59
49 59
65 79
24 79
79 59
35 59
62 59
51 59
12 59
70 79
28 59
44 59
6 59
60 79
17 59
32 59
53 59
23 79
37 59
75 59
42 79
67 79
9 59
58 59
21 59
72 59
48 59
34 59
3 79
64 79
26 59
39 59
76 59
15 59
69 59
43 59
56 79
11 59
46 79
