40 40
17
249
395
30 39
20 5
10 2
40 19
9 20
6 20
31 38
15 4
32 27
16 26
25 35
13 29
3 29
3 32
17 38
26 29
14 28
10 27
7 27
10 40
11 6
19 27
21 13
23 3
23 37
15 38
24 20
32 18
25 19
38 20
1 30
35 22
28 13
2 28
21 17
3 36
21 19
16 4
1 15
11 7
20 7
20 9
36 27
3 18
7 21
3 31
13 10
28 28
9 12
18 17
22 27
26 13
34 40
39 12
17 10
32 22
3 13
12 2
21 29
21 5
29 11
4 19
5 26
3 26
18 39
5 12
12 35
18 31
32 12
28 7
2 13
15 34
26 20
40 8
10 9
4 13
12 26
29 39
22 28
17 24
35 3
17 27
25 33
10 8
19 33
8 38
9 29
25 10
23 23
26 35
36 35
9 26
23 27
12 20
27 40
7 25
19 26
6 5
20 20
16 27
34 4
39 13
29 28
19 8
28 22
30 2
23 30
19 14
39 36
14 21
30 38
27 18
8 29
39 16
5 8
5 29
25 27
38 39
37 39
18 22
33 36
31 18
4 17
6 18
35 12
9 21
38 8
28 5
24 19
38 16
3 22
34 5
21 18
3 23
1 13
14 15
28 26
40 17
21 6
32 6
13 31
6 39
13 17
35 1
30 23
28 35
16 38
3 37
39 37
12 14
26 4
3 19
18 11
28 10
35 15
23 19
28 33
18 37
2 30
37 9
33 10
33 25
10 28
28 18
31 31
8 21
15 26
38 2
32 3
5 15
5 2
23 22
8 27
23 32
2 34
13 4
15 16
22 39
33 37
32 13
2 27
4 38
34 18
5 25
38 30
16 29
11 19
30 6
6 32
37 24
12 10
1 23
31 10
36 38
8 10
38 24
37 30
37 12
14 17
28 1
11 37
29 14
11 38
39 32
5 6
29 25
2 33
25 40
38 27
10 26
9 5
14 16
22 31
18 34
28 29
16 19
8 19
12 9
18 3
27 38
31 36
11 28
11 1
7 30
33 33
26 6
26 10
39 8
39 28
8 28
11 2
5 16
32 20
14 12
7 34
7 13
22 34
39 11
18 27
20 21
4 39
28 9
38 9
37 2
12 4
38 19
24 29
19 1
28 25
1 37
39 9
15 1
38 21
27 3
31 15
34 19
20 25
23 28
27 8
30 20
36 16
33 19
3 39
7 8
14 13
13 33
22 13
26 8
25 16
5 28
27 6
7 38
27 19
19 37
9 22
20 19
13 36
26 16
17 23
14 11
5 21
34 8
16 24
15 35
5 35
11 32
17 28
26 14
8 4
36 22
10 18
6 23
20 34
31 26
38 14
22 25
19 32
29 38
30 3
8 26
40 33
13 39
14 32
5 27
21 4
36 24
25 5
24 24
28 12
14 6
23 31
33 15
2 36
27 7
2 3
3 4
10 17
39 26
9 9
35 34
29 29
12 16
29 27
25 37
4 2
14 23
22 1
13 38
12 22
14 39
19 24
31 34
10 39
17 12
39 5
15 27
22 35
33 30
8 16
32 38
10 33
22 8
11 35
11 23
29 7
7 23
34 34
16 34
38 6
25 28
18 13
11 26
25 25
22 36
33 39
12 18
1 24
38 11
30 4
27 37
25 17
27 20
14 18
31 27
4 14
3 5
8 9
33 17
40 30
32 17
18 9
35 14
19 23
38 34
40 11
21 3
29 36
18 8
8 7
6 26
32 37
28 21
25 23
24 32
21 27
8 6
26 12
12 5
26 31
26 32
15 29
15 28
7 36
4 1
3 1
22 23
36 2
5 20
19 16
16 10
3 8
11 21
11 36
24 34
34 15
34 12
27 12
30 11
17 19
14 34
30 5
29 30
7 15
19 13
23 5
1 20
32 21
39 35
17 14
38 23
39 2
11 40
2 29
32 34
34 13
24 16
28 15
21 37
22 32
31 20
25 24
5 33
12 40
32 23
1 40
22 19
3 16
40 2
4 26
31 29
22 3
38 3
20 40
32 24
32 28
22 5
35 36
2 4
13 40
3 38
38 37
24 21
35 30
28 14
1 25
14 2
33 27
8 18
18 40
1 16
17 18
35 29
12 6
10 7
3 35
6 36
23 40
29 3
4 18
24 37
30 7
5 31
38 15
11 18
13 32
15 13
11 34
29 16
33 31
26 25
19 3
40 39
40 24
2 16
39 15
26 5
31 32
35 11
12 33
11 30
18 4
29 34
13 11
36 19
23 1
17 33
24 11
24 7
18 1
38 18
17 32
29 10
7 17
6 27
25 38
31 13
16 22
12 23
16 9
32 2
4 36
15 10
29 22
7 33
17 22
12 8
31 24
27 22
1 21
6 25
39 17
34 29
2 12
7 22
5 37
7 14
27 15
19 2
6 35
38 33
23 39
33 38
18 18
23 25
38 32
35 2
27 24
33 26
35 13
25 6
30 26
33 22
6 19
40 1
39 27
18 32
40 10
29 32
1 6
1 32
2 19
8 39
4 4
38 13
7 24
15 8
10 23
31 11
30 34
2 38
20 6
28 34
3 33
20 12
9 17
16 21
26 28
23 6
8 40
20 36
22 2
40 21
39 23
19 36
22 4
39 10
3 28
28 30
11 13
39 14
24 39
26 19
9 4
31 21
10 36
3 20
11 27
19 40
33 3
39 29
19 7
23 12
23 17
37 29
40 7
32 30
9 13
33 35
30 16
35 31
15 37
37 7
6 31
23 13
36 4
12 25
24 23
11 8
5 7
3 6
14 25
16 20
7 12
27 5
16 23
24 35
31 28
23 9
11 39
21 11
12 28
7 40
16 16
8 5
30 21
9 33
18 24
16 18
6 40
11 16
21 38
24 22
1 10
39 34
37 5
21 34
35 10
6 30
11 20
5 36
11 24
19 22
20 14
35 32
