20 20
4 70 90
1 3
2 18
3 1
3 10
4 15
5 5
6 1
6 20
7 4
7 13
8 7
8 17
9 2
9 11
10 8
10 16
11 3
11 12
12 6
12 19
13 4
13 14
14 9
14 18
15 1
15 5
15 20
16 7
16 13
17 2
17 11
18 8
18 16
19 3
19 12
20 6
20 19
1 9
2 1
3 5
4 8
5 12
6 16
7 1
8 5
9 9
10 13
11 17
12 2
13 6
14 10
15 14
16 18
17 3
18 7
19 11
20 15
1 14
2 10
3 18
4 3
5 7
6 11
7 15
8 19
9 4
10 9
11 13
12 17
13 2
14 6
15 11
16 15
17 19
18 4
19 8
20 12
1 1
1 2
1 4
1 5
1 11
1 15
2 5
2 6
2 7
2 11
2 15
3 3
3 4
3 14
3 15
3 19
4 2
4 6
4 7
4 11
4 16
4 19
5 1
5 2
5 10
5 14
5 15
6 5
6 7
6 12
6 15
7 2
7 3
7 10
7 17
7 20
8 1
8 2
8 10
8 14
8 15
8 20
9 5
9 6
9 12
9 15
10 2
10 3
10 10
10 14
10 18
11 1
11 5
11 7
11 15
11 19
12 1
12 5
12 7
12 13
12 15
12 18
13 1
13 5
13 7
13 11
13 15
14 1
14 2
14 7
14 11
14 15
15 7
15 8
15 12
15 16
16 1
16 2
16 10
16 16
17 1
17 8
17 10
17 16
18 1
18 2
18 10
18 17
19 1
19 2
19 10
19 17
20 1
20 2
20 10
20 17